<<<<<<< HEAD
6
 10
 16
 22
 24
 24
 26
 30
 34
 40
 42
 44
 44
 50
 54
 60
 70
 72
 78
 80
 82
 82
 84
 84
 86
 88
 92
 94
 96
106
106
108
110
114
114
116
126
128
130
130
136
136
136
136
140
142
144
144
146
150
152
154
156
158
160
162
162
=======
6
 10
 16
 22
 24
 24
 26
 30
 34
 40
 42
 44
 44
 50
 54
 60
 70
 72
 78
 80
 82
 82
 84
 84
 86
 88
 92
 94
 96
106
106
108
110
114
114
116
126
128
130
130
136
136
136
136
140
142
144
144
146
150
152
154
156
158
160
162
162
>>>>>>> f31a5165fc03c1d1bf8a13058906265ea2bc8bef
164